Attributes,high,low,open,close,avg,volume
Symbols,vnd,vnd,vnd,vnd,vnd,vnd
date,,,,,,
2020-12-02,19.2,18.75,19.05,18.95,18.95,2715600.0
2020-12-03,19.25,18.85,19.0,19.0,19.03,1685990.0
2020-12-04,19.0,18.55,18.9,18.7,18.76,2019080.0
2020-12-07,19.25,18.7,18.8,19.2,19.01,2450440.0
2020-12-08,20.35,19.2,19.2,20.0,19.59,2964430.0
2020-12-09,20.5,20.1,20.5,20.1,20.28,5861930.0
2020-12-10,20.15,19.6,20.0,19.6,19.87,2687230.0
2020-12-11,20.5,19.4,19.6,20.4,19.96,2487620.0
2020-12-14,21.8,20.65,20.9,21.8,21.46,3575780.0
2020-12-15,23.05,21.8,21.95,22.9,22.68,5093050.0
2020-12-16,23.45,22.65,22.9,22.85,23.05,6839210.0
2020-12-17,22.95,22.45,22.6,22.6,22.73,2875390.0
2020-12-18,24.15,22.6,22.9,24.15,23.35,2673400.0
2020-12-21,25.8,25.1,25.3,25.8,25.65,3689970.0
2020-12-22,27.6,26.3,26.5,27.5,27.25,4346060.0
2020-12-23,27.95,26.7,27.2,27.05,27.33,2727410.0
2020-12-24,27.5,25.2,27.2,27.0,26.07,4368660.0
2020-12-25,28.85,27.0,27.15,28.85,28.42,5644860.0
2020-12-28,30.5,29.2,30.5,30.0,30.03,5559280.0
2020-12-29,30.5,29.25,29.65,29.8,29.68,3610220.0
2020-12-30,29.8,29.0,29.4,29.4,29.36,4235310.0
2020-12-31,30.95,29.4,29.6,30.0,30.05,3940730.0
2021-01-04,31.4,30.6,31.0,30.6,30.93,3176700.0
2021-01-05,30.65,29.8,30.0,30.1,30.17,6240500.0
2021-01-06,31.1,29.7,30.85,29.95,30.46,4625800.0
2021-01-07,30.3,29.4,30.2,30.0,29.71,5525400.0
2021-01-08,30.5,29.4,30.5,29.6,29.91,5535100.0
2021-01-11,29.85,28.25,29.6,28.3,28.85,8837500.0
2021-01-12,30.15,27.7,27.9,29.65,28.89,4924700.0
2021-01-13,29.7,28.75,29.65,28.95,29.1,5478700.0
2021-01-14,30.95,28.4,29.0,30.7,29.65,8409700.0
2021-01-15,31.95,30.7,30.95,31.75,31.12,7625000.0
2021-01-18,31.8,30.5,31.75,30.65,31.36,5247400.0
2021-01-19,30.5,28.55,30.5,28.55,29.51,8998810.0
2021-01-20,29.2,26.6,28.65,28.2,27.61,4753700.0
2021-01-21,29.0,27.7,28.9,28.95,28.41,4865500.0
2021-01-22,29.1,27.8,28.85,27.95,28.35,5370000.0
2021-01-25,28.8,26.85,27.05,27.9,27.4,5321200.0
2021-01-26,27.8,26.0,27.7,26.1,26.69,3815900.0
2021-01-27,25.6,24.3,25.0,24.3,24.75,7629200.0
2021-01-28,23.0,22.6,22.6,22.6,22.62,9726000.0
2021-01-29,24.1,21.1,21.1,23.45,22.81,4554700.0
2021-02-01,24.0,21.85,23.4,21.9,22.68,3785000.0
2021-02-02,23.2,21.3,21.9,23.0,22.42,4189300.0
2021-02-03,24.6,23.5,23.7,24.6,24.12,3510000.0
2021-02-04,25.8,24.6,25.0,25.5,25.25,3733400.0
2021-02-05,26.5,25.45,25.6,26.35,25.93,2666100.0
2021-02-08,27.8,24.55,26.55,26.0,26.47,5741200.0
2021-02-09,27.3,25.6,26.35,27.1,26.64,3529800.0
2021-02-17,28.3,27.45,27.8,28.0,27.77,4231700.0
2021-02-18,28.1,27.4,28.0,27.5,27.72,4212200.0
2021-02-19,28.0,27.0,27.0,27.6,27.67,3782900.0
2021-02-22,27.95,27.15,27.7,27.35,27.66,3538900.0
2021-02-23,28.0,26.9,27.35,27.55,27.37,6547200.0
2021-02-24,28.45,27.1,28.2,27.8,28.01,4958600.0
2021-02-25,28.0,27.4,28.0,27.85,27.7,2660300.0
2021-02-26,27.8,27.1,27.2,27.7,27.44,3021600.0
2021-03-01,29.2,27.7,28.1,29.2,28.67,6744300.0
2021-03-02,29.85,28.6,29.8,29.0,29.16,5250100.0
2021-03-03,29.2,28.6,28.8,28.85,28.89,3461900.0
2021-03-04,28.9,27.0,28.9,27.7,28.1,5102600.0
2021-03-05,27.7,26.8,27.45,27.5,27.23,4979400.0
2021-03-08,28.95,28.2,28.5,28.7,28.68,5799400.0
2021-03-09,28.55,27.5,28.4,28.25,28.21,2815400.0
2021-03-10,28.7,27.75,28.15,28.7,28.18,5635500.0
2021-03-11,30.4,28.85,29.2,29.8,29.51,11731900.0
2021-03-12,29.9,28.95,29.8,29.4,29.52,3838000.0
2021-03-15,29.45,29.0,29.4,29.1,29.18,6037800.0
2021-03-16,29.1,28.05,29.1,28.5,28.52,10038800.0
2021-03-17,29.0,28.25,28.45,28.75,28.66,3153300.0
2021-03-18,29.8,29.05,29.2,29.8,29.48,6202500.0
2021-03-19,30.85,30.0,30.1,30.75,30.54,10393100.0
2021-03-22,30.85,30.2,30.8,30.4,30.48,4491500.0
2021-03-23,30.15,29.15,30.15,29.55,29.7,6802100.0
2021-03-24,29.25,28.0,28.6,28.9,28.68,7029400.0
2021-03-25,29.2,28.2,28.9,28.9,28.79,3836500.0
2021-03-26,28.9,27.4,28.35,28.75,28.2,5036800.0
2021-03-29,29.2,28.8,29.0,29.1,29.03,3734600.0
2021-03-30,30.25,29.05,29.4,30.2,29.63,7527600.0
2021-04-05,33.2,32.0,33.2,33.2,33.196,4535497.0
2021-04-06,36.5,33.2,36.5,33.3,33.804,16546000.0
2021-04-07,34.5,32.6,33.3,34.0,33.556,8929760.0
2021-04-08,36.5,34.0,34.1,35.5,35.148,7745721.0
2021-04-09,36.2,35.0,35.5,35.7,35.611,6657053.0
2021-04-12,37.3,35.3,35.7,37.3,36.344,11134977.0
2021-04-13,38.2,36.1,37.3,36.2,37.249,11907669.0
2021-04-14,37.2,35.3,36.2,37.1,36.74,7796438.0
2021-04-15,37.3,35.6,36.8,36.1,36.29,7804307.0
2021-04-16,37.0,34.5,36.1,37.0,35.692,9237562.0
2021-04-19,37.9,36.3,37.1,37.3,36.891,4237035.0
2021-04-20,37.5,36.0,37.5,36.1,36.646,5350973.0
2021-04-22,37.4,35.0,36.1,35.0,36.408,8171694.0
2021-04-23,36.3,34.8,35.0,36.3,35.476,5407960.0
2021-04-26,36.5,34.8,36.1,34.8,35.462,4536336.0
2021-04-27,35.5,31.4,34.5,35.1,34.748,3247990.0
2021-04-28,36.3,34.9,35.1,35.7,35.743,4428616.0
2021-04-29,36.7,35.7,35.7,36.2,36.263,4559417.0
2021-05-04,37.2,34.0,36.0,37.1,36.339,5671521.0
2021-05-05,39.4,36.2,37.1,38.5,38.21,9866633.0
2021-05-06,38.9,37.8,38.5,38.4,38.491,4719036.0
2021-05-07,40.4,37.9,38.3,39.5,39.067,8490187.0
2021-05-10,41.5,39.0,39.5,41.5,40.555,5463708.0
2021-05-11,42.5,40.5,41.6,40.5,41.472,7067746.0
2021-05-12,41.7,39.7,40.5,41.6,40.662,5180271.0
2021-05-13,42.5,40.9,41.6,41.3,41.693,5680841.0
2021-05-14,41.8,40.5,41.3,41.0,41.201,4736187.0
2021-05-17,41.5,40.5,41.0,40.8,40.965,3858968.0
2021-05-18,42.5,40.6,41.0,41.1,41.566,6006200.0
2021-05-19,42.9,41.0,41.3,42.8,42.089,3991016.0
2021-05-20,45.5,42.6,42.8,44.5,44.221,4194738.0
2021-05-21,45.2,43.4,44.5,44.3,44.367,4967588.0
2021-05-24,45.4,43.7,44.3,45.1,44.229,4872150.0
2021-05-25,46.0,44.4,45.1,45.6,45.163,3228154.0
2021-05-26,46.1,45.2,45.6,45.6,45.577,2376201.0
2021-05-27,45.6,43.0,45.6,44.3,44.729,4481023.0
2021-05-28,46.2,44.0,44.3,46.0,45.218,3687305.0
2021-05-31,50.0,46.0,46.0,49.7,48.475,4728438.0
2021-06-01,50.8,48.5,49.9,50.7,49.858,6461153.0
2021-06-02,55.7,49.7,50.7,55.7,53.569,6742399.0
2021-06-03,61.2,56.0,61.0,61.2,60.294,7968997.0
2021-06-04,63.5,59.0,61.5,60.4,60.892,6440423.0
2021-06-07,60.8,55.0,60.4,57.0,57.59,8622570.0
2021-06-08,58.9,52.4,57.0,52.4,55.801,10053746.0
2021-06-09,57.6,51.4,52.4,57.6,55.567,7271578.0
2021-06-10,39.7,37.4,39.7,37.7,39.087,18162646.0
2021-06-11,40.4,37.2,37.7,39.8,38.743,10810833.0
2021-06-14,43.7,39.8,43.4,43.5,42.683,9754469.0
2021-06-15,45.5,42.1,43.5,44.7,44.591,9589137.0
2021-06-16,44.7,41.8,44.7,42.7,43.246,8979945.0
2021-06-17,44.0,39.0,42.0,43.9,42.878,5730490.0
2021-06-18,45.0,43.0,43.9,43.7,43.903,4362739.0
2021-06-21,43.7,42.0,43.7,42.0,42.796,6723912.0
2021-06-22,42.8,42.0,42.0,42.1,42.379,4363249.0
2021-06-23,43.5,41.5,42.4,42.9,42.819,4698198.0
2021-06-24,43.6,42.2,43.0,42.7,42.824,2669624.0
2021-06-25,45.2,42.5,42.7,45.0,43.748,10503774.0
2021-06-28,46.5,45.0,45.0,45.5,45.812,6238496.0
2021-06-29,46.3,44.5,45.6,45.2,45.651,6120638.0
2021-06-30,45.3,44.4,45.2,44.4,44.77,6558306.0
2021-07-01,46.8,44.4,45.0,46.4,45.713,9761270.0
2021-07-02,50.0,46.3,46.6,48.4,47.775,10394466.0
2021-07-05,49.0,46.4,48.4,47.5,47.439,6437607.0
2021-07-06,48.0,42.8,47.5,42.8,46.436,8253283.0
2021-07-07,44.5,41.4,41.8,44.5,43.191,10311958.0
2021-07-08,45.0,43.2,45.0,43.6,44.183,5632004.0
2021-07-09,43.9,40.9,43.8,41.8,42.582,8178591.0
2021-07-12,42.4,37.7,42.0,37.8,38.375,12624165.0
2021-07-13,39.7,37.8,37.8,39.7,39.008,5583077.0
2021-07-14,40.4,38.0,39.9,38.9,39.352,3790983.0
2021-07-15,41.9,38.2,38.7,41.2,40.089,5057619.0
2021-07-16,41.8,40.7,41.2,40.9,41.225,4041742.0
2021-07-19,40.6,37.7,40.6,37.8,38.712,6827094.0
2021-07-20,41.4,37.2,37.9,41.4,39.276,8131743.0
2021-07-21,42.5,40.7,41.4,41.4,41.776,5935084.0
2021-07-22,43.8,40.8,41.4,43.2,42.439,7825009.0
2021-07-23,43.3,41.7,43.2,41.7,42.513,9274088.0
2021-07-26,42.3,37.7,40.5,41.9,41.632,6107720.0
2021-07-27,44.8,42.0,42.0,43.5,43.533,12719290.0
2021-07-28,44.3,43.2,43.2,43.6,43.741,6224726.0
2021-07-29,45.9,43.8,43.8,45.9,44.838,10322188.0
2021-07-30,46.8,45.3,45.9,46.1,45.977,13201108.0
2021-08-02,46.8,45.3,46.1,46.0,46.116,9274100.0
2021-08-03,49.9,45.7,46.0,49.9,47.09,18641928.0
2021-08-04,50.7,49.2,49.9,49.8,50.017,9117850.0
2021-08-05,51.6,49.1,49.8,51.2,50.312,9282408.0
2021-08-06,51.4,50.1,51.2,50.1,50.583,11160850.0
2021-08-09,53.3,49.0,50.1,52.0,51.41,11066293.0
2021-08-10,52.7,50.9,52.1,51.3,51.653,10327826.0
2021-08-11,51.6,50.0,51.3,50.0,50.732,11038689.0
2021-08-12,50.7,49.0,49.9,49.6,49.984,8372003.0
2021-08-13,51.5,49.2,49.3,51.4,50.513,9345121.0
2021-08-16,53.9,51.4,51.4,53.1,52.968,12986403.0
2021-08-17,53.0,51.8,53.0,52.7,52.325,19239735.0
2021-08-18,54.6,52.2,53.3,53.3,53.74,14505474.0
2021-08-19,54.3,52.9,53.5,54.1,53.667,9325584.0
2021-08-20,54.8,52.0,54.1,53.0,53.266,22719662.0
2021-08-23,54.5,52.2,53.0,53.3,53.455,13922489.0
2021-08-24,53.5,48.3,53.3,50.0,50.551,24852753.0
2021-08-25,51.5,48.6,49.5,51.5,50.348,10331771.0
2021-08-26,51.7,50.0,51.3,50.8,50.889,9119266.0
2021-08-27,51.0,49.1,50.7,50.6,50.08,9465544.0
2021-09-06,52.0,49.9,51.3,50.6,50.82,12143400.0
2021-09-07,52.9,51.0,51.0,52.0,51.79,10610300.0
2021-09-08,53.4,52.0,53.2,52.5,52.81,8451300.0
2021-09-09,52.9,52.0,52.0,52.9,52.45,6363800.0
2021-09-10,54.4,52.8,53.2,53.7,53.86,11560900.0
2021-09-13,54.5,52.5,53.6,54.1,53.28,11285400.0
2021-09-14,54.3,53.1,54.0,53.1,53.72,6666400.0
2021-09-15,53.7,52.1,52.1,53.5,52.74,7532900.0
2021-09-16,53.7,52.6,53.7,52.7,52.97,3973200.0
2021-09-17,55.5,52.6,52.8,54.3,54.13,12264200.0
2021-09-20,55.3,53.5,54.9,53.6,54.47,7074700.0
2021-09-21,53.4,52.1,52.9,52.9,52.69,7346100.0
2021-09-22,53.5,52.0,53.0,53.4,52.55,5520200.0
2021-09-23,54.5,53.2,53.9,53.6,53.8,5563600.0
2021-09-24,53.6,52.6,53.2,52.6,53.07,3081300.0
2021-09-27,53.0,50.2,52.7,50.2,51.24,9127300.0
2021-09-28,51.7,49.7,50.1,51.5,50.68,4841200.0
2021-09-29,51.2,50.4,51.0,50.8,50.8,6041800.0
2021-09-30,51.5,50.4,50.9,51.0,50.81,3715400.0
2021-10-01,51.1,49.5,50.5,49.5,50.14,8117149.0
2021-10-04,49.2,47.8,49.05,48.5,48.39,8838100.0
2021-10-05,51.3,49.1,49.3,50.6,50.27,7805500.0
2021-10-06,51.0,50.3,51.0,50.6,50.56,3933600.0
2021-10-07,51.5,49.9,50.8,51.0,50.89,5153900.0
2021-10-08,51.8,50.8,51.1,51.3,51.31,4484500.0
2021-10-11,52.5,51.3,51.8,52.3,51.89,4150000.0
2021-10-12,52.5,51.7,52.5,51.9,52.07,4307100.0
2021-10-13,52.4,50.9,52.0,51.3,51.77,3530400.0
2021-10-14,52.0,50.6,51.3,51.3,51.33,8615700.0
2021-10-15,52.0,51.3,51.5,51.5,51.64,4621300.0
2021-10-18,53.4,51.4,51.6,53.1,52.54,10765000.0
2021-10-19,54.5,52.7,53.2,53.6,53.83,6728100.0
2021-10-20,54.0,52.2,54.0,53.0,53.07,6096900.0
2021-10-21,53.6,52.5,53.6,53.0,52.97,4457900.0
2021-10-22,53.1,51.9,53.0,52.2,52.42,6356300.0
2021-10-25,52.1,50.6,52.0,50.6,51.15,7923400.0
2021-10-26,51.4,49.75,50.0,51.2,50.62,6410700.0
2021-10-27,53.5,51.2,51.8,53.5,52.72,7643200.0
2021-10-28,57.0,54.1,54.2,56.3,55.63,17276700.0
2021-10-29,57.6,55.7,56.8,57.0,56.75,8913600.0
2021-11-01,59.5,57.1,57.5,59.1,58.29,11197400.0
2021-11-02,61.5,58.1,59.1,60.6,60.0,9053900.0
2021-11-03,61.7,59.3,60.6,59.8,60.54,10855700.0
2021-11-04,63.9,60.0,60.7,63.9,63.0,12258000.0
2021-11-05,65.6,64.2,65.6,64.4,64.81277867,6945800.0
2021-11-08,68.5,64.5,64.5,67.7,66.81,10452075.0
2021-11-09,69.5,66.8,67.1,69.5,67.66,7885500.0
2021-11-10,70.8,68.2,70.5,69.4,69.64,8375000.0
2021-11-11,71.2,66.8,70.0,68.6,68.56,14276800.0
2021-11-12,70.0,68.0,69.2,69.9,69.11,6660600.0
2021-11-15,72.4,69.0,71.1,70.2,71.29,6921500.0
2021-11-16,71.2,68.6,69.5,69.5,69.73,7236900.0
2021-11-17,74.3,70.8,71.8,74.3,73.44,12766000.0
2021-11-18,79.5,75.5,76.9,77.6,78.01,8718100.0
2021-11-19,78.2,72.2,78.0,75.0,76.06,12136300.0
2021-11-22,77.5,72.9,75.0,75.5,75.21,10407500.0
2021-11-23,80.7,74.8,75.6,80.7,76.87,7654100.0
2021-11-24,82.7,80.1,81.8,81.4,81.37,7413900.0
2021-11-25,82.9,80.1,81.1,81.1,81.44,6419000.0
2021-11-26,81.5,77.5,81.1,78.0,79.31,13255900.0
2021-11-29,80.5,76.2,77.0,79.9,78.9,6109100.0
2021-11-30,81.6,77.6,81.5,79.0,79.6,8465000.0
2021-12-01,79.0,77.0,78.7,78.0,77.77,7469100.0
2021-12-02,79.5,77.1,77.7,77.7,78.3,3741200.0
2021-12-03,78.5,73.0,78.4,73.0,76.06,8644700.0
2021-12-06,76.5,72.1,74.0,73.9,74.08,9022800.0
2021-12-07,75.6,73.1,75.4,74.7,74.27,4965200.0
2021-12-08,76.5,74.5,75.6,75.9,75.5,5058700.0
2021-12-09,79.9,75.1,75.4,79.9,77.24,5823000.0
2021-12-10,80.7,78.0,79.5,79.0,79.22,4585800.0
2021-12-13,81.0,78.1,79.4,80.5,79.75,8657000.0
2021-12-14,81.8,79.2,80.9,80.7,80.87,5637300.0
2021-12-15,81.2,79.0,80.6,79.0,80.07,4380800.0
2021-12-16,79.9,76.4,79.1,77.0,77.57,9756000.0
2021-12-17,80.0,76.5,77.6,80.0,78.8,10036400.0
2021-12-20,85.5,80.0,81.0,85.2,84.18,10568400.0
2021-12-21,86.3,84.2,85.6,84.8,85.3,5842600.0
2021-12-22,85.5,82.8,85.5,83.3,83.63,7315400.0
2021-12-23,83.0,78.0,82.5,78.8,80.22,12604600.0
2021-12-24,80.9,77.0,79.0,79.9,78.95,4563800.0
2021-12-27,82.4,80.0,81.1,80.0,80.91,3372200.0
2021-12-28,81.2,78.5,80.1,78.5,79.63,5572100.0
2021-12-29,80.3,77.2,78.3,79.0,78.88,4658000.0
2021-12-30,83.0,79.0,79.9,82.8,81.57,7051900.0
2021-12-31,83.8,81.4,83.8,82.0,82.31,3670100.0
2022-01-04,84.4,82.0,82.1,83.0,83.06,5138300.0
2022-01-05,84.8,82.1,83.0,82.1,83.29,6763000.0
2022-01-06,83.1,81.0,81.8,81.2,81.62,5635300.0
2022-01-07,81.7,79.7,80.5,80.0,80.47,6086000.0
2022-01-10,80.6,77.2,79.5,77.2,78.23,11309600.0
2022-01-11,79.0,73.0,79.0,73.0,75.37,9963500.0
2022-01-12,76.7,72.0,72.5,76.4,74.27,7979000.0
2022-01-13,77.4,72.2,76.9,72.9,74.01,6259200.0
2022-01-14,73.8,72.0,72.0,72.0,72.81,4470300.0
2022-01-17,72.4,67.0,72.0,67.0,68.02,15851000.0
2022-01-18,66.0,62.4,65.1,62.4,63.74,10178000.0
2022-01-19,66.7,63.7,64.5,66.7,64.72,5761800.0
2022-01-20,69.5,64.8,67.0,67.8,66.82,5453900.0
2022-01-21,67.7,65.7,67.7,65.8,66.67,3860700.0
2022-01-24,64.8,61.2,63.9,61.2,61.79,11116200.0
2022-01-25,63.0,59.1,60.6,62.7,61.40124566,4062100.0
