Attributes,open,high,low,close,volume
Symbols,HAH,HAH,HAH,HAH,HAH
Date,,,,,
2021-12-27,69.1,69.5,68.2,69.1,518900.0
2021-12-28,69.1,69.5,68.2,68.3,462100.0
2021-12-29,68.3,69.5,67.6,68.1,708200.0
2021-12-30,68.0,69.0,67.5,68.5,507400.0
2021-12-31,68.5,68.8,67.8,67.8,381900.0
2022-01-04,68.0,68.5,67.7,67.9,580100.0
2022-01-05,68.1,68.8,67.2,67.5,1240900.0
2022-01-06,67.2,67.5,66.5,66.5,970100.0
2022-01-07,66.1,69.9,64.4,69.0,1983300.0
2022-01-10,68.9,69.0,67.0,67.0,548900.0
2022-01-11,67.0,67.2,65.5,66.2,389700.0
2022-01-12,66.0,67.0,64.0,64.5,746400.0
2022-01-13,66.2,66.2,64.4,64.4,501000.0
2022-01-14,63.2,64.4,62.7,64.4,602800.0
2022-01-17,63.9,65.0,59.9,59.9,884900.0
2022-01-18,59.6,60.4,57.5,59.0,809400.0
2022-01-19,59.0,60.7,58.2,60.7,361700.0
2022-01-20,60.7,62.4,60.0,61.9,258600.0
2022-01-21,61.9,64.4,61.4,64.0,476300.0
2022-01-24,63.8,63.8,59.9,60.1,358500.0
2022-01-25,59.8,60.6,58.7,60.3,335600.0
2022-01-26,61.7,61.7,59.4,60.3,311000.0
2022-01-27,60.3,61.0,59.7,60.1,185400.0
