Attributes,open,high,low,close,volume
Symbols,NKG,NKG,NKG,NKG,NKG
Date,,,,,
2021-01-27,16.5,17.15,16.0,16.15,5037200.0
2021-01-28,15.1,15.6,15.05,15.05,6569400.0
2021-01-29,14.1,16.05,14.05,15.5,5173300.0
2021-02-01,15.4,16.0,14.45,14.45,4931200.0
2021-02-02,14.0,14.6,13.85,14.45,5128300.0
2021-02-03,14.6,15.25,14.3,15.25,4919900.0
2021-02-04,15.3,15.65,14.95,15.3,3094500.0
2021-02-05,15.1,15.5,15.1,15.4,2636400.0
2021-02-08,15.25,15.4,14.35,14.6,3648300.0
2021-02-09,14.6,15.1,14.4,15.0,2110200.0
2021-02-17,15.2,15.9,15.2,15.9,2920800.0
2021-02-18,15.7,16.05,15.6,15.7,2454500.0
2021-02-19,15.5,16.45,15.4,16.2,5574400.0
2021-02-22,16.6,16.8,16.15,16.35,4249900.0
2021-02-23,16.45,16.65,16.3,16.5,3648800.0
2021-02-24,16.7,16.7,16.0,16.3,4413800.0
2021-02-25,16.4,16.55,16.25,16.5,4420900.0
2021-02-26,16.4,17.65,16.25,17.65,15659400.0
2021-03-01,18.85,18.85,18.4,18.85,8607800.0
2021-03-02,19.3,19.5,18.75,19.1,6850900.0
2021-03-03,18.8,20.4,18.65,20.25,10273100.0
2021-03-04,20.5,20.5,19.3,19.9,7677600.0
2021-03-05,19.6,20.4,19.4,20.25,5819300.0
2021-03-08,20.7,21.65,20.25,21.65,10842300.0
2021-03-09,21.65,22.7,21.1,21.5,7256700.0
2021-03-10,21.6,21.7,21.0,21.55,7158000.0
2021-03-11,21.5,22.05,21.3,22.0,6889300.0
2021-03-12,22.3,22.3,21.4,21.8,5330700.0
2021-03-15,21.8,21.8,21.4,21.65,4113500.0
2021-03-16,21.6,22.2,21.6,21.95,5306200.0
2021-03-17,21.95,22.2,21.8,22.0,3860900.0
2021-03-18,22.2,22.8,22.2,22.65,4619300.0
2021-03-19,22.5,23.35,22.5,23.15,3707100.0
2021-03-22,23.5,23.5,22.8,23.15,3493500.0
2021-03-23,22.9,23.35,21.8,22.55,6715300.0
2021-03-24,22.0,22.4,21.3,21.7,5253000.0
2021-03-25,21.8,22.0,21.4,21.7,3621700.0
2021-03-26,21.7,22.1,20.5,21.8,4083600.0
2021-03-29,22.05,22.5,21.85,22.5,3937900.0
2021-03-30,22.6,23.3,22.5,23.25,5030300.0
2021-03-31,23.7,24.4,23.4,23.9,6454200.0
2021-04-01,23.95,24.1,23.8,24.0,4011400.0
2021-04-02,24.2,24.3,23.8,23.8,3216500.0
2021-04-05,24.0,24.05,23.35,24.05,4817400.0
2021-04-06,24.05,24.05,23.45,23.7,3747500.0
2021-04-07,23.8,24.3,23.6,24.25,3768800.0
2021-04-08,24.6,24.6,24.1,24.35,2560800.0
2021-04-09,24.2,24.8,24.2,24.65,3485600.0
2021-04-12,24.9,24.9,24.6,24.85,4282700.0
2021-04-13,24.9,24.95,24.25,24.3,5190200.0
2021-04-14,24.0,24.8,23.95,24.7,4502200.0
2021-04-15,24.75,25.55,24.6,25.35,6184200.0
2021-04-16,25.8,25.95,24.9,25.5,4744300.0
2021-04-19,26.0,27.1,25.5,27.0,5681800.0
2021-04-20,27.9,28.0,26.6,26.9,9812400.0
2021-04-22,26.6,26.9,25.1,25.1,6626500.0
2021-04-23,25.0,26.0,24.0,25.85,3992100.0
2021-04-26,26.0,26.3,24.7,24.75,3515100.0
2021-04-27,24.6,25.7,23.8,25.25,3234000.0
2021-04-28,25.5,26.2,25.25,25.5,2482100.0
2021-04-29,25.9,26.3,25.65,26.0,3996900.0
2021-05-04,25.5,27.5,25.0,27.5,6780400.0
2021-05-05,27.95,28.35,27.5,27.6,5352800.0
2021-05-06,27.5,28.5,27.15,28.1,6640500.0
2021-05-07,27.65,30.05,27.65,30.0,8695300.0
2021-05-10,30.0,32.1,29.95,32.1,11358500.0
2021-05-11,32.85,32.85,31.3,31.5,9372100.0
2021-05-12,31.2,32.0,31.05,31.9,7206400.0
2021-05-13,32.0,32.5,31.6,31.8,5035700.0
2021-05-14,31.7,31.75,30.25,30.55,9015900.0
2021-05-17,29.6,30.5,29.4,30.25,6815900.0
2021-05-18,30.5,31.5,30.5,31.15,4450900.0
2021-05-19,31.15,31.9,31.15,31.35,5027400.0
2021-05-20,30.8,31.0,30.5,30.9,4736500.0
2021-05-21,30.3,30.9,30.1,30.5,3521900.0
2021-05-24,30.5,31.0,30.5,30.6,3219200.0
2021-05-25,30.6,32.0,30.5,31.75,6192300.0
2021-05-26,31.75,32.0,31.05,31.55,4142200.0
2021-05-27,31.45,32.1,31.1,31.3,4380800.0
2021-05-28,31.6,32.0,31.25,31.7,4302100.0
2021-05-31,32.85,33.0,32.0,32.95,5939800.0
2021-06-01,33.5,34.2,33.3,33.55,3507700.0
2021-06-02,33.0,34.2,32.35,33.7,4939500.0
2021-06-03,33.7,34.2,33.7,34.05,4057600.0
2021-06-04,34.5,35.0,34.2,34.95,3639800.0
2021-06-07,35.0,35.3,32.55,33.8,4182400.0
2021-06-08,33.0,33.75,31.45,31.45,5429200.0
2021-06-09,30.85,31.9,30.6,31.5,4052200.0
2021-06-10,31.5,31.9,30.0,30.1,3409300.0
2021-06-11,30.1,32.0,30.1,31.9,3081400.0
2021-06-14,32.6,32.9,31.9,32.55,3247900.0
2021-06-15,32.55,32.7,32.2,32.65,2533200.0
2021-06-16,32.6,32.75,31.0,31.7,2366600.0
2021-06-17,30.6,31.7,30.6,31.6,2020700.0
2021-06-18,32.5,33.5,31.85,33.25,4447700.0
2021-06-21,32.8,33.8,32.8,32.95,2713000.0
2021-06-22,33.3,33.5,32.1,32.1,3197700.0
2021-06-23,32.8,32.8,32.05,32.05,3801400.0
2021-06-24,32.5,32.6,31.9,32.05,4286800.0
2021-06-25,32.3,33.2,32.1,33.2,5342300.0
2021-06-28,34.4,35.5,34.1,35.5,11803500.0
2021-06-29,35.6,36.5,34.75,35.45,4968300.0
2021-06-30,35.6,35.8,35.2,35.5,3736100.0
2021-07-01,35.6,37.2,35.5,36.4,9134500.0
2021-07-02,36.8,36.8,36.2,36.75,5960200.0
2021-07-05,36.75,37.5,36.2,36.8,4689400.0
2021-07-06,36.8,37.45,34.25,34.25,7202000.0
2021-07-07,34.85,35.5,33.2,34.9,5182900.0
2021-07-08,35.3,35.3,33.5,34.4,3767300.0
2021-07-09,33.7,34.4,32.1,32.9,4829900.0
2021-07-12,31.9,31.9,30.6,30.6,5249000.0
2021-07-13,31.0,31.5,30.0,31.25,4030500.0
2021-07-14,33.3,33.3,31.5,32.2,9404400.0
2021-07-15,32.1,32.95,32.05,32.8,3461600.0
2021-07-16,33.0,33.3,32.7,32.8,2291100.0
2021-07-19,31.0,31.95,30.55,30.55,6039600.0
2021-07-20,30.6,32.35,29.9,31.8,6981500.0
2021-07-21,32.3,32.45,31.0,31.35,3616300.0
2021-07-22,31.3,32.2,30.9,32.0,3861200.0
2021-07-23,31.8,32.0,31.2,31.5,6524900.0
2021-07-26,30.9,31.4,29.95,30.65,5419200.0
2021-07-27,31.5,32.25,31.3,31.7,5101500.0
2021-07-28,31.8,32.25,31.55,32.0,3836300.0
2021-07-29,32.25,33.2,31.95,33.2,7744400.0
2021-07-30,33.5,34.0,33.4,33.7,6692600.0
2021-08-02,33.75,34.95,33.65,34.55,6551400.0
2021-08-03,34.55,34.95,33.9,34.6,7509500.0
2021-08-04,34.8,36.4,34.7,36.2,10982800.0
2021-08-05,36.15,37.8,36.1,37.8,8269600.0
2021-08-06,37.8,38.5,37.5,38.0,7467000.0
2021-08-09,37.95,39.6,37.6,39.6,9402200.0
2021-08-10,40.4,40.45,39.1,39.85,8217500.0
2021-08-11,39.9,40.9,39.35,39.55,6819500.0
2021-08-12,39.0,39.7,38.5,38.5,9355000.0
2021-08-13,38.2,39.35,37.75,39.35,8269100.0
2021-08-16,40.2,40.4,39.25,39.5,6420800.0
2021-08-17,39.5,41.5,39.1,41.5,14266900.0
2021-08-18,41.5,43.0,41.2,42.0,8021500.0
2021-08-19,42.3,42.45,41.6,41.9,5102800.0
2021-08-20,41.55,41.6,39.1,39.55,14050500.0
2021-08-23,33.0,35.0,33.0,33.0,7165600.0
2021-08-24,33.55,33.9,33.0,33.5,5964900.0
2021-08-25,34.0,35.8,33.4,35.8,11048000.0
2021-08-26,36.5,37.15,35.75,36.1,8885500.0
2021-08-27,35.5,36.75,35.5,36.45,6576100.0
2021-08-30,36.8,38.2,36.7,38.2,10392300.0
2021-08-31,38.6,39.25,38.0,38.45,10667400.0
2021-09-01,38.6,39.65,38.5,39.45,10105200.0
2021-09-06,40.0,42.0,39.6,41.6,8724800.0
2021-09-07,42.0,42.0,40.5,40.6,11497600.0
2021-09-08,40.5,41.75,40.0,41.6,9919500.0
2021-09-09,41.95,42.3,41.25,41.65,6693100.0
2021-09-10,41.5,41.7,40.75,41.4,5327100.0
2021-09-13,41.3,41.35,40.3,40.65,8665200.0
2021-09-14,40.4,41.7,40.3,41.0,6578000.0
2021-09-15,41.0,43.85,40.65,43.85,12924800.0
2021-09-16,44.3,44.7,43.05,43.65,7030200.0
2021-09-17,43.65,46.3,43.6,45.1,11285200.0
2021-09-20,44.6,45.2,43.4,43.55,11461000.0
2021-09-21,42.6,45.5,42.6,45.5,9157400.0
2021-09-22,46.0,46.45,45.1,45.8,4374500.0
2021-09-23,45.7,46.85,44.6,45.0,7984300.0
2021-09-24,44.75,44.9,43.8,44.4,7636000.0
2021-09-27,44.1,45.1,42.0,42.0,8849700.0
2021-09-28,42.0,44.2,41.2,43.9,7517900.0
2021-09-29,43.55,44.2,43.2,43.95,9386600.0
2021-09-30,44.1,44.95,43.9,44.25,7294600.0
2021-10-01,43.6,44.8,43.5,44.8,9995400.0
2021-10-04,45.5,47.85,45.5,47.8,17261500.0
2021-10-05,48.0,48.2,47.3,47.4,7160800.0
2021-10-06,47.8,48.6,47.6,48.3,10967080.0
2021-10-07,48.6,48.7,47.9,48.25,6797800.0
2021-10-08,48.1,48.7,47.7,48.25,7815200.0
2021-10-11,48.5,49.5,47.9,48.8,7090600.0
2021-10-12,48.8,49.1,48.4,48.8,7401200.0
2021-10-13,48.8,49.2,48.3,48.55,5709800.0
2021-10-14,48.6,49.75,48.5,49.3,6869600.0
2021-10-15,49.7,52.0,49.6,51.9,10006700.0
2021-10-18,52.4,54.5,51.9,52.8,10670700.0
2021-10-19,52.9,53.7,51.9,53.2,6013300.0
2021-10-20,53.4,55.7,52.8,55.7,7514200.0
2021-10-21,55.9,56.1,54.8,55.9,6939900.0
2021-10-22,56.0,56.4,55.0,55.4,5957200.0
2021-10-25,55.0,55.4,52.2,52.2,15642900.0
2021-10-26,52.0,55.0,51.0,55.0,10425400.0
2021-10-27,55.3,56.0,54.3,55.2,5539500.0
2021-10-28,55.0,56.5,54.5,55.6,6105100.0
2021-10-29,55.0,55.5,53.5,54.4,19750580.0
2021-11-01,54.0,54.2,52.7,53.3,13646000.0
2021-11-02,52.8,54.7,52.6,53.0,11112800.0
2021-11-03,53.0,53.6,50.5,50.5,18305400.0
2021-11-04,50.5,52.0,49.0,51.2,12680000.0
2021-11-05,51.9,52.3,50.2,51.5,8049000.0
2021-11-08,51.6,52.2,50.9,51.2,6413600.0
2021-11-09,51.2,51.8,50.6,50.7,7357800.0
2021-11-10,50.6,50.6,49.0,49.0,13520200.0
2021-11-11,48.6,48.95,47.0,47.35,12538300.0
2021-11-12,47.35,49.95,47.35,49.85,8833900.0
2021-11-15,49.0,49.4,48.1,48.35,6481400.0
2021-11-16,48.0,48.9,47.55,47.6,5548000.0
2021-11-17,47.0,48.0,46.0,46.3,9511300.0
2021-11-18,45.9,46.0,43.5,44.0,12180000.0
2021-11-19,43.2,43.9,41.6,42.0,9891600.0
2021-11-22,42.0,43.3,42.0,42.5,5460800.0
2021-11-23,42.5,43.7,42.5,43.15,4723500.0
2021-11-24,43.2,43.2,41.0,41.0,9573400.0
2021-11-25,40.9,42.4,40.9,42.2,8170341.0
2021-11-26,42.7,43.9,42.45,43.4,7456700.0
2021-11-29,42.2,43.3,42.2,42.5,4550900.0
2021-11-30,43.0,44.0,42.25,43.0,7571900.0
2021-12-01,43.0,43.9,43.0,43.3,4585900.0
2021-12-02,43.6,43.7,42.8,43.0,3932000.0
2021-12-03,43.1,43.3,41.2,41.2,5880300.0
2021-12-06,40.8,41.3,38.35,38.35,8154900.0
2021-12-07,38.5,39.3,37.3,38.9,5870300.0
2021-12-08,39.6,39.6,37.75,37.9,4690400.0
2021-12-09,37.6,38.8,37.1,38.0,3551700.0
2021-12-10,38.35,38.35,37.05,37.05,4651000.0
2021-12-13,37.2,37.9,36.8,37.9,6281100.0
2021-12-14,38.1,40.55,37.9,40.55,9519700.0
2021-12-15,41.0,41.85,40.7,40.7,4708700.0
2021-12-16,40.7,41.1,39.95,40.2,4434200.0
2021-12-17,40.0,40.0,38.7,39.0,6479100.0
2021-12-20,38.8,39.6,38.05,39.05,3603800.0
2021-12-21,39.1,39.2,37.9,37.9,3572400.0
2021-12-22,38.2,38.7,36.8,36.9,4619700.0
2021-12-23,36.9,37.0,34.35,35.6,7761700.0
2021-12-24,36.5,37.5,36.0,37.35,3024500.0
2021-12-27,37.8,37.9,36.5,36.8,1638700.0
2021-12-28,36.6,37.6,36.1,37.2,3880200.0
2021-12-29,37.2,39.35,36.7,38.6,4599700.0
2021-12-30,38.8,39.0,37.65,38.0,1847100.0
2021-12-31,38.25,39.4,37.85,38.75,5200600.0
2022-01-04,38.8,39.35,38.6,38.65,3326500.0
2022-01-05,38.75,39.25,38.55,38.55,4039400.0
2022-01-06,38.2,38.3,36.6,37.0,5610200.0
2022-01-07,36.6,37.55,36.6,36.7,2874800.0
2022-01-10,36.8,37.7,36.4,36.4,4296500.0
2022-01-11,36.5,37.15,35.35,36.2,3341300.0
2022-01-12,36.25,37.1,35.9,37.05,2976000.0
2022-01-13,37.3,39.05,36.6,37.9,5844000.0
2022-01-14,37.8,38.6,37.3,37.3,2176900.0
2022-01-17,37.3,37.9,35.3,35.3,5190800.0
2022-01-18,35.0,35.6,32.85,33.3,5692600.0
2022-01-19,33.0,33.9,32.1,33.3,4014900.0
2022-01-20,34.0,34.0,33.1,33.8,1880700.0
2022-01-21,33.5,33.5,32.6,32.6,3316300.0
2022-01-24,32.5,32.6,30.35,30.35,6170000.0
2022-01-25,30.35,31.5,30.35,31.25,2995300.0
2022-01-26,31.6,32.2,31.3,31.3,2487400.0
2022-01-27,31.3,31.7,30.75,31.3,1917100.0
