Attributes,open,high,low,close,volume
Symbols,MWG,MWG,MWG,MWG,MWG
Date,,,,,
2021-01-27,131.5,134.9,131.1,133.5,3218100.0
2021-01-28,125.5,130.2,124.2,124.2,5953000.0
2021-01-29,123.5,132.7,119.0,132.7,9173790.0
2021-02-01,130.0,130.9,123.5,123.7,2578200.0
2021-02-02,123.0,128.3,120.5,128.0,1645500.0
2021-02-03,128.0,129.3,124.1,127.5,2774600.0
2021-02-04,127.5,130.9,125.5,128.5,1597800.0
2021-02-05,128.5,131.3,128.0,130.5,1564500.0
2021-02-08,130.0,130.3,125.8,128.5,1952500.0
2021-02-09,128.0,130.0,126.0,129.5,1326800.0
2021-02-17,130.5,138.0,130.5,138.0,2121400.0
2021-02-18,138.0,139.9,136.1,139.5,1550600.0
2021-02-19,138.1,139.0,137.0,137.6,727200.0
2021-02-22,137.0,137.9,135.2,137.0,996100.0
2021-02-23,136.5,138.8,133.0,136.2,1887800.0
2021-02-24,137.0,137.5,133.5,133.8,1009200.0
2021-02-25,135.0,135.8,133.1,135.7,659600.0
2021-02-26,133.5,135.7,133.1,135.0,1183300.0
2021-03-01,137.0,137.0,134.0,134.8,1200200.0
2021-03-02,135.5,136.2,134.5,135.8,593700.0
2021-03-03,136.8,137.0,135.8,136.2,755600.0
2021-03-04,136.4,136.7,130.0,132.8,893000.0
2021-03-05,132.3,132.4,130.4,132.2,844200.0
2021-03-08,132.2,133.3,130.7,130.8,785700.0
2021-03-09,130.0,130.0,127.9,128.1,2818933.0
2021-03-10,129.0,130.7,127.0,130.5,724600.0
2021-03-11,132.2,132.9,131.5,132.5,1164500.0
2021-03-12,133.0,133.0,130.5,131.1,414300.0
2021-03-15,131.1,133.9,130.6,132.7,766800.0
2021-03-16,132.7,133.5,131.6,133.2,700800.0
2021-03-17,133.5,133.5,132.8,132.8,570323.0
2021-03-18,133.5,133.8,125.0,133.6,914000.0
2021-03-19,133.0,133.5,132.0,133.0,376700.0
2021-03-22,132.8,133.0,131.5,131.9,377300.0
2021-03-23,131.0,132.0,130.0,131.0,625000.0
2021-03-24,129.5,130.9,128.1,129.9,528300.0
2021-03-25,129.5,130.8,128.7,128.8,506500.0
2021-03-26,128.5,130.0,125.0,130.0,585900.0
2021-03-29,130.4,131.9,129.2,130.1,900000.0
2021-03-30,130.1,130.9,129.0,129.4,318600.0
2021-03-31,129.4,130.5,128.6,129.7,326800.0
2021-04-01,130.0,134.5,128.5,134.3,1360200.0
2021-04-02,135.9,136.0,134.3,134.8,796700.0
2021-04-05,136.0,136.0,133.7,134.1,364100.0
2021-04-06,133.5,135.5,132.9,133.3,1061200.0
2021-04-07,132.6,134.5,132.1,134.5,477200.0
2021-04-08,134.5,134.5,133.5,134.0,310500.0
2021-04-09,134.0,134.0,132.8,133.3,464700.0
2021-04-12,133.3,135.0,133.0,134.9,852600.0
2021-04-13,135.2,137.6,134.2,134.9,1232700.0
2021-04-14,133.5,135.4,133.5,135.4,472400.0
2021-04-15,135.6,136.9,133.7,133.7,1056700.0
2021-04-16,132.0,135.2,132.0,134.0,781400.0
2021-04-19,135.0,137.4,132.5,137.4,1203800.0
2021-04-20,139.0,144.0,138.5,142.5,2440800.0
2021-04-22,142.5,148.0,140.1,142.5,8027686.0
2021-04-23,142.0,147.5,140.5,147.5,10311940.0
2021-04-26,147.4,147.4,142.5,142.5,3536300.0
2021-04-27,142.5,144.0,140.5,141.9,848700.0
2021-04-28,140.0,141.5,139.0,140.0,1065700.0
2021-04-29,139.5,141.2,138.1,140.9,662300.0
2021-05-04,138.5,139.9,138.0,139.4,2091505.0
2021-05-05,139.4,143.1,139.2,140.9,1124900.0
2021-05-06,140.9,143.0,140.4,142.0,1092500.0
2021-05-07,141.0,142.8,139.9,140.2,923400.0
2021-05-10,140.0,140.0,137.5,138.1,2264900.0
2021-05-11,137.5,140.0,137.4,137.5,1460800.0
2021-05-12,137.5,139.5,137.4,139.5,850000.0
2021-05-13,138.5,140.5,138.5,140.0,1096800.0
2021-05-14,140.5,143.5,140.2,142.5,818500.0
2021-05-17,143.5,144.0,140.9,141.5,575700.0
2021-05-18,141.5,142.0,140.7,141.7,641000.0
2021-05-19,141.0,142.0,140.5,141.7,999700.0
2021-05-20,140.7,150.0,140.7,150.0,1509800.0
2021-05-21,146.9,148.0,145.0,145.4,4455100.0
2021-05-24,145.0,146.5,144.1,146.0,761300.0
2021-05-25,146.0,146.5,145.0,146.0,789800.0
2021-05-26,146.0,146.2,144.5,144.9,781800.0
2021-05-27,144.9,145.0,142.0,142.4,848200.0
2021-05-28,142.4,143.2,141.6,142.7,822300.0
2021-05-31,140.0,141.5,138.5,138.5,1597300.0
2021-06-01,137.5,138.0,135.0,136.5,1074000.0
2021-06-02,136.0,140.0,135.9,138.8,654400.0
2021-06-03,139.8,139.8,137.0,139.0,713700.0
2021-06-04,139.0,139.0,137.0,137.5,867400.0
2021-06-07,137.5,137.6,135.3,136.1,721500.0
2021-06-08,136.0,138.0,135.7,136.0,715300.0
2021-06-09,136.0,137.5,135.0,136.4,759900.0
2021-06-10,135.0,137.0,135.0,135.3,679100.0
2021-06-11,135.2,137.0,135.1,137.0,830800.0
2021-06-14,138.0,138.8,136.8,138.1,811700.0
2021-06-15,138.1,139.0,137.5,137.9,471000.0
2021-06-16,137.8,137.8,136.5,137.0,545100.0
2021-06-17,136.5,143.9,136.0,139.0,1324500.0
2021-06-18,140.5,141.5,140.0,141.0,414700.0
2021-06-21,140.6,145.9,140.6,145.8,1179900.0
2021-06-22,146.0,146.2,139.5,146.0,2696900.0
2021-06-23,145.2,145.5,144.0,144.0,1543700.0
2021-06-24,143.9,146.0,143.8,144.0,394400.0
2021-06-25,144.0,145.0,143.5,143.7,737200.0
2021-06-28,144.5,146.0,143.7,145.5,700200.0
2021-06-29,145.5,147.5,145.0,147.0,856700.0
2021-06-30,147.0,153.9,147.0,152.0,1221500.0
2021-07-01,152.0,152.5,150.5,151.1,917200.0
2021-07-02,151.0,157.0,151.0,156.8,964000.0
2021-07-05,161.0,167.0,161.0,166.5,2480200.0
2021-07-06,168.5,170.7,155.0,155.0,3029533.0
2021-07-07,160.0,165.8,155.0,165.8,1709200.0
2021-07-08,172.0,175.2,167.5,172.5,1972500.0
2021-07-09,172.1,179.9,171.8,176.5,3259400.0
2021-07-12,176.0,178.9,165.0,176.6,4059500.0
2021-07-13,178.3,178.3,172.0,175.0,1233700.0
2021-07-14,173.0,173.9,164.4,166.5,2447480.0
2021-07-15,164.9,171.0,163.0,167.1,1493900.0
2021-07-16,168.1,168.5,166.0,168.1,2765100.0
2021-07-19,161.3,163.0,156.5,156.5,2808000.0
2021-07-20,158.0,164.6,156.5,164.6,1106500.0
2021-07-21,166.0,166.6,162.1,163.4,1173900.0
2021-07-22,162.5,168.4,161.8,165.2,982100.0
2021-07-23,163.1,165.2,161.0,161.7,2066215.0
2021-07-26,160.4,161.0,157.9,160.3,1260900.0
2021-07-27,162.0,162.0,157.0,158.0,2430100.0
2021-07-28,157.8,160.5,156.1,157.1,455700.0
2021-07-29,159.8,162.8,156.0,162.8,1317800.0
2021-07-30,161.5,164.9,159.5,164.1,2729200.0
2021-08-02,164.0,172.5,163.5,169.9,2464100.0
2021-08-03,169.9,170.0,168.0,169.9,898900.0
2021-08-04,170.1,170.9,168.5,170.0,929400.0
2021-08-05,169.6,174.3,169.0,173.0,989800.0
2021-08-06,173.0,175.5,171.5,171.5,1032700.0
2021-08-09,171.0,174.2,169.5,173.8,638000.0
2021-08-10,174.0,174.2,171.6,173.9,882000.0
2021-08-11,174.0,179.3,172.6,175.0,1670800.0
2021-08-12,173.5,175.0,170.0,170.0,1472100.0
2021-08-13,169.5,171.0,167.4,171.0,1211800.0
2021-08-16,171.5,172.0,168.0,170.1,2372300.0
2021-08-17,169.9,170.1,167.9,169.9,1154300.0
2021-08-18,169.0,173.5,168.6,172.5,1153898.0
2021-08-19,172.5,172.5,169.5,172.5,975700.0
2021-08-20,172.0,172.0,164.0,164.0,2670300.0
2021-08-23,163.0,164.0,158.0,158.1,1769300.0
2021-08-24,158.8,162.4,158.1,160.5,1060900.0
2021-08-25,161.0,164.0,160.1,161.5,817243.0
2021-08-26,163.9,164.4,161.6,162.0,776200.0
2021-08-27,162.2,164.9,162.2,164.5,1336200.0
2021-08-30,111.1,112.3,110.6,110.6,1327900.0
2021-08-31,111.0,111.0,110.0,111.0,688100.0
2021-09-01,110.3,111.0,108.9,110.2,670400.0
2021-09-06,111.0,111.1,110.5,111.0,1142800.0
2021-09-07,111.4,111.5,110.0,110.3,894000.0
2021-09-08,110.3,111.4,110.0,111.4,1004800.0
2021-09-09,111.8,118.9,111.4,118.9,2544800.0
2021-09-10,119.0,119.3,117.1,118.9,2935100.0
2021-09-13,118.9,125.0,118.8,125.0,2587600.0
2021-09-14,124.0,124.8,122.1,124.5,1623100.0
2021-09-15,123.5,125.0,122.8,124.6,728800.0
2021-09-16,124.5,124.5,122.8,123.6,778300.0
2021-09-17,123.6,124.0,122.2,123.0,919200.0
2021-09-20,124.9,127.0,121.4,123.0,1370300.0
2021-09-21,121.1,125.5,121.1,123.8,2240900.0
2021-09-22,124.0,126.4,123.9,125.7,1293000.0
2021-09-23,126.5,133.4,126.5,132.0,2966400.0
2021-09-24,132.2,134.0,130.1,130.5,2025700.0
2021-09-27,129.0,129.0,126.0,126.0,5713850.0
2021-09-28,124.6,127.0,123.9,126.7,1344700.0
2021-09-29,126.8,128.5,126.8,127.8,1708800.0
2021-09-30,127.8,129.0,126.7,127.8,1469700.0
2021-10-01,127.0,127.8,126.0,126.2,1370231.0
2021-10-04,125.0,126.2,123.3,126.2,2190000.0
2021-10-05,126.0,126.8,125.1,126.8,1969300.0
2021-10-06,126.7,130.0,126.4,128.3,1798109.0
2021-10-07,127.3,128.3,127.3,128.0,1541260.0
2021-10-08,127.5,129.5,127.3,128.8,1668700.0
2021-10-11,128.9,129.7,127.5,129.5,2149700.0
2021-10-12,129.5,132.8,129.5,132.1,3203110.0
2021-10-13,132.3,134.2,132.1,133.9,2392600.0
2021-10-14,134.0,134.8,132.0,133.5,2125700.0
2021-10-15,133.5,133.7,132.0,132.4,1697400.0
2021-10-18,132.2,132.9,130.7,130.7,1853900.0
2021-10-19,129.9,131.0,129.1,129.7,1390800.0
2021-10-20,129.9,131.0,128.0,129.2,2820070.0
2021-10-21,129.2,130.0,127.0,127.0,1471700.0
2021-10-22,128.3,128.4,127.1,127.6,1094100.0
2021-10-25,128.0,129.8,128.0,128.4,1213700.0
2021-10-26,128.0,128.0,126.9,128.0,992900.0
2021-10-27,128.0,132.9,128.0,132.0,2063400.0
2021-10-28,131.3,132.5,128.5,132.0,1189400.0
2021-10-29,131.5,131.9,130.9,131.4,1498200.0
2021-11-01,131.5,131.8,129.0,130.0,1220520.0
2021-11-02,128.5,129.9,128.5,128.9,970700.0
2021-11-03,128.9,130.0,127.5,128.8,1569800.0
2021-11-04,128.5,130.6,128.0,129.9,950100.0
2021-11-05,133.0,133.0,131.0,132.0,1638600.0
2021-11-08,132.0,133.0,131.6,131.6,1126300.0
2021-11-09,131.8,132.0,130.0,130.0,1270900.0
2021-11-10,130.0,131.5,129.5,131.5,765400.0
2021-11-11,131.5,136.0,130.5,135.0,4441400.0
2021-11-12,136.0,136.0,133.9,136.0,1184800.0
2021-11-15,136.3,139.9,136.3,139.4,2651500.0
2021-11-16,138.0,139.0,136.0,137.9,1510600.0
2021-11-17,137.7,138.0,136.2,137.9,1574900.0
2021-11-18,138.3,141.5,136.8,139.0,5270842.0
2021-11-19,140.0,141.0,136.0,139.0,1378000.0
2021-11-22,140.0,140.4,138.0,138.6,1165100.0
2021-11-23,138.6,144.0,138.1,143.0,1926200.0
2021-11-24,143.0,144.0,141.3,144.0,1971500.0
2021-11-25,144.1,145.0,142.5,145.0,936900.0
2021-11-26,144.8,145.5,141.5,141.5,6146900.0
2021-11-29,138.9,140.7,137.4,137.5,2370000.0
2021-11-30,138.5,139.9,136.9,138.9,1089100.0
2021-12-01,136.5,140.0,136.1,138.9,1902000.0
2021-12-02,138.8,138.8,136.8,137.0,663400.0
2021-12-03,136.3,137.0,133.5,133.5,1116200.0
2021-12-06,133.5,133.5,126.9,131.4,1693200.0
2021-12-07,131.4,133.5,131.4,133.5,1229300.0
2021-12-08,133.6,135.0,133.0,133.9,688700.0
2021-12-09,133.9,135.0,133.5,134.0,1443000.0
2021-12-10,133.1,134.9,133.0,134.1,817200.0
2021-12-13,134.4,134.9,134.0,134.9,865900.0
2021-12-14,134.7,136.0,133.5,135.4,1521700.0
2021-12-15,135.4,136.0,134.0,135.9,1680400.0
2021-12-16,136.0,136.0,133.6,133.6,1505700.0
2021-12-17,133.6,135.0,133.1,134.5,1433700.0
2021-12-20,133.5,134.6,132.5,133.0,1099600.0
2021-12-21,133.0,133.0,132.1,133.0,522100.0
2021-12-22,133.6,137.0,133.4,134.8,1382100.0
2021-12-23,134.8,135.8,131.8,133.6,2012500.0
2021-12-24,133.6,134.6,132.5,134.6,560900.0
2021-12-27,134.7,135.4,133.0,134.9,805000.0
2021-12-28,135.5,135.8,133.1,135.8,874300.0
2021-12-29,134.6,136.0,134.1,134.4,2187000.0
2021-12-30,134.5,135.4,134.0,134.3,998600.0
2021-12-31,134.3,135.9,133.4,135.9,1319900.0
2022-01-04,135.9,139.2,134.9,137.8,1327900.0
2022-01-05,137.8,139.3,137.1,137.1,2334600.0
2022-01-06,137.1,138.8,136.5,137.5,3482400.0
2022-01-07,137.5,137.5,135.5,135.5,5678400.0
2022-01-10,135.5,135.5,133.0,133.0,5470400.0
2022-01-11,133.0,134.5,131.7,131.8,2038500.0
2022-01-12,131.8,136.0,130.0,136.0,1304800.0
2022-01-13,136.5,136.5,132.0,135.5,2640900.0
2022-01-14,135.0,135.0,133.2,134.0,1919900.0
2022-01-17,133.0,133.9,130.0,130.0,914800.0
2022-01-18,129.0,132.0,128.6,130.1,2564000.0
2022-01-19,130.2,134.0,130.0,133.5,1956890.0
2022-01-20,133.0,134.0,132.1,134.0,1234900.0
2022-01-21,134.0,134.0,131.3,133.2,1800100.0
2022-01-24,132.2,133.2,129.9,129.9,920600.0
2022-01-25,129.8,131.0,127.6,131.0,1458200.0
2022-01-26,131.0,131.9,129.0,131.9,1104300.0
2022-01-27,130.9,132.3,129.2,131.5,579480.0
